{
    "gmm_params": {
        "n_components": 2,
        "covariance_type": "full",
        "means": [
            [
                -0.45312158726050444,
                0.6783562873845803,
                -0.08870845271881818,
                -0.674955636456266,
                0.6783937531851195,
                -0.78114005951164,
                -0.7793525547839364,
                -0.3675575895723681,
                0.6585798322497248,
                0.1601567293265476,
                -0.7285540132779071,
                0.6586021813877163,
                -0.7163481748059932,
                -0.7392260503643102,
                0.30105199258908466,
                -0.4571366539914154,
                -0.68216129484293,
                0.4785441967203341,
                -0.4360448243200465,
                -0.6387224371487144,
                -0.6596917583359142
            ],
            [
                0.739303642372402,
                -1.106791837311682,
                0.14473484390966268,
                1.101243406849701,
                -1.1068529657230881,
                1.2744916760453076,
                1.2715752209632645,
                0.5996992250917587,
                -1.074524989460084,
                -0.2613083478485846,
                1.188693390085004,
                -1.0745614538431187,
                1.1687786009992527,
                1.206105661120718,
                -0.4911900931716641,
                0.7458545407228413,
                1.113000007375303,
                -0.7807826367542304,
                0.7114415554695634,
                1.0421260816636932,
                1.0763391846533346
            ]
        ],
        "covariances": [
            [
                [
                    0.926647320397779,
                    0.19891917913338186,
                    0.45231916691308455,
                    -0.09526811941874407,
                    0.19869075362289418,
                    0.017967617021125197,
                    0.050188909545914366,
                    0.8196867105235234,
                    0.361418116862488,
                    0.49268974430501933,
                    -0.14801522808186593,
                    0.36130308606535083,
                    0.11886071377697273,
                    0.1443934751177206,
                    -0.35249986315558984,
                    0.11223810189035613,
                    -0.11450635976639527,
                    -0.2229638691233581,
                    0.0811150861086089,
                    -0.0790665503232247,
                    -0.14220253756082735
                ],
                [
                    0.19891917913338186,
                    0.3964492422813982,
                    0.7495811999329617,
                    -0.30053860018020667,
                    0.39638178116307443,
                    0.024980018580728937,
                    -0.005195092255067348,
                    0.08754213893069883,
                    0.3889337460228026,
                    0.6320593000556765,
                    -0.18328140347283975,
                    0.3889109424034313,
                    0.1302707773776917,
                    0.17393045720327852,
                    0.20344698113036372,
                    0.43297857114104943,
                    -0.11632239868770881,
                    -0.22081111569708364,
                    0.4561511615537778,
                    -0.34689802943430237,
                    -0.310605277082988
                ],
                [
                    0.45231916691308455,
                    0.7495811999329617,
                    1.4797703091247045,
                    -0.5633429296020009,
                    0.7494359620180697,
                    0.0506884147013663,
                    -0.0027187559625969906,
                    0.2971399679899611,
                    0.7487898234992042,
                    1.2222156370332724,
                    -0.33951134936539795,
                    0.7487306097351143,
                    0.24832086568775252,
                    0.33317121172010933,
                    0.31145357903024723,
                    0.828252778430038,
                    -0.1985149964823172,
                    -0.4479129481290616,
                    0.8656204421680683,
                    -0.6373851848611443,
                    -0.5704785197066194
                ],
                [
                    -0.09526811941874407,
                    -0.30053860018020667,
                    -0.5633429296020009,
                    0.2486114278961003,
                    -0.3004993007286083,
                    -0.018783400034557095,
                    0.010069787691095906,
                    -0.00973392997491002,
                    -0.27512508710907607,
                    -0.4676124992559608,
                    0.13455122454004378,
                    -0.2751144861109838,
                    -0.09165312275881866,
                    -0.12275261570563885,
                    -0.20989096200773727,
                    -0.35225184685508226,
                    0.07040516610732493,
                    0.1766317287902716,
                    -0.3752610889639347,
                    0.2666015737675862,
                    0.23369249182869958
                ],
                [
                    0.19869075362289418,
                    0.39638178116307443,
                    0.7494359620180697,
                    -0.3004993007286083,
                    0.39631638673898356,
                    0.024973963954767007,
                    -0.005205092968696473,
                    0.08733565658186362,
                    0.38883519202162975,
                    0.6319259914748316,
                    -0.18323557611130956,
                    0.38881242197348775,
                    0.13023921271415753,
                    0.17389275397300896,
                    0.20347428525774203,
                    0.43294264591707077,
                    -0.11629317972679287,
                    -0.22076317316633834,
                    0.45611681664475473,
                    -0.3468577753860454,
                    -0.310554472177764
                ],
                [
                    0.017967617021125197,
                    0.024980018580728937,
                    0.0506884147013663,
                    -0.018783400034557095,
                    0.024973963954767007,
                    0.0019074515287215259,
                    0.00019161581746394873,
                    0.015858528154462495,
                    0.0253968744958841,
                    0.04236407676149351,
                    -0.011525691313885405,
                    0.025393966248774342,
                    0.008633925761066997,
                    0.011542244520254978,
                    0.011056401175325673,
                    0.028018675757927818,
                    -0.005756831074846833,
                    -0.016924056563420786,
                    0.029498916497785924,
                    -0.021334680454659725,
                    -0.019336334367897515
                ],
                [
                    0.050188909545914366,
                    -0.005195092255067348,
                    -0.0027187559625969906,
                    0.010069787691095906,
                    -0.005205092968696473,
                    0.00019161581746394873,
                    0.0069298156908659,
                    0.04866883193348116,
                    0.016987261026409826,
                    0.025372339021605607,
                    -0.003908586608934081,
                    0.016981677434885253,
                    0.007349870906343874,
                    0.009463364474427454,
                    -0.0771003221536995,
                    0.001070353287277361,
                    -0.004379645727253256,
                    -0.025848546671658996,
                    -0.005920749088696998,
                    0.011039307819854493,
                    -0.00024015836263204126
                ],
                [
                    0.8196867105235234,
                    0.08754213893069883,
                    0.2971399679899611,
                    -0.00973392997491002,
                    0.08733565658186362,
                    0.015858528154462495,
                    0.04866883193348116,
                    1.0171419144484009,
                    0.23098999913838206,
                    0.33202986759576186,
                    -0.07538775373077992,
                    0.23086149090328187,
                    0.09638072227489806,
                    0.10508601051939721,
                    -0.3401801783931801,
                    -0.08362831940541213,
                    -0.053264926775981915,
                    -0.14689101101408913,
                    -0.11321403599527147,
                    0.007807644754886754,
                    -0.057221865946490036
                ],
                [
                    0.361418116862488,
                    0.3889337460228026,
                    0.7487898234992042,
                    -0.27512508710907607,
                    0.38883519202162975,
                    0.0253968744958841,
                    0.016987261026409826,
                    0.23098999913838206,
                    0.4633894041306946,
                    0.7314838103460982,
                    -0.20592077947723628,
                    0.4633490965129962,
                    0.1466820780881351,
                    0.20315700285699315,
                    -0.04302120128051882,
                    0.4795937130119913,
                    -0.11750715297079868,
                    -0.30014791345248115,
                    0.4803655806597966,
                    -0.31467058758956523,
                    -0.3097988941312021
                ],
                [
                    0.49268974430501933,
                    0.6320593000556765,
                    1.2222156370332724,
                    -0.4676124992559608,
                    0.6319259914748316,
                    0.04236407676149351,
                    0.025372339021605607,
                    0.33202986759576186,
                    0.7314838103460982,
                    1.2974592921350734,
                    -0.31992327632472833,
                    0.7314315991012494,
                    0.29780671732310593,
                    0.38090856964493913,
                    -0.10135293743064747,
                    0.7652180646522324,
                    -0.22690927225520496,
                    -0.6006007533313432,
                    0.7642009114417927,
                    -0.5679392915838293,
                    -0.5609036359545663
                ],
                [
                    -0.14801522808186593,
                    -0.18328140347283975,
                    -0.33951134936539795,
                    0.13455122454004378,
                    -0.18323557611130956,
                    -0.011525691313885405,
                    -0.003908586608934081,
                    -0.07538775373077992,
                    -0.20592077947723628,
                    -0.31992327632472833,
                    0.10537979844906996,
                    -0.20590362473702065,
                    -0.06232554381028873,
                    -0.08402585145330993,
                    -0.04447477935416707,
                    -0.20399328923447785,
                    0.06092627308484872,
                    0.1302444892374035,
                    -0.21042521126535188,
                    0.1523811312872473,
                    0.1510752340246613
                ],
                [
                    0.36130308606535083,
                    0.3889109424034313,
                    0.7487306097351143,
                    -0.2751144861109838,
                    0.38881242197348775,
                    0.025393966248774342,
                    0.016981677434885253,
                    0.23086149090328187,
                    0.4633490965129962,
                    0.7314315991012494,
                    -0.20590362473702065,
                    0.4633108084479172,
                    0.1466687088862758,
                    0.20314193802453387,
                    -0.043003731168622134,
                    0.4795956541873408,
                    -0.11749709236582385,
                    -0.3001300284813191,
                    0.4803686781301264,
                    -0.3146602770576461,
                    -0.3097818681685752
                ],
                [
                    0.11886071377697273,
                    0.1302707773776917,
                    0.24832086568775252,
                    -0.09165312275881866,
                    0.13023921271415753,
                    0.008633925761066997,
                    0.007349870906343874,
                    0.09638072227489806,
                    0.1466820780881351,
                    0.29780671732310593,
                    -0.06232554381028873,
                    0.1466687088862758,
                    0.11157140119081031,
                    0.11730541419036161,
                    -0.054735058525317896,
                    0.05995205453480668,
                    -0.12053732011836343,
                    -0.1458050077543334,
                    0.05574935759600727,
                    -0.162856464076608,
                    -0.17113805667201945
                ],
                [
                    0.1443934751177206,
                    0.17393045720327852,
                    0.33317121172010933,
                    -0.12275261570563885,
                    0.17389275397300896,
                    0.011542244520254978,
                    0.009463364474427454,
                    0.10508601051939721,
                    0.20315700285699315,
                    0.38090856964493913,
                    -0.08402585145330993,
                    0.20314193802453387,
                    0.11730541419036161,
                    0.1356252834084594,
                    -0.06143314278416341,
                    0.15287120562071801,
                    -0.11176548258741682,
                    -0.17651777960445267,
                    0.14910308591975752,
                    -0.1917375411365281,
                    -0.19419366577207395
                ],
                [
                    -0.35249986315558984,
                    0.20344698113036372,
                    0.31145357903024723,
                    -0.20989096200773727,
                    0.20347428525774203,
                    0.011056401175325673,
                    -0.0771003221536995,
                    -0.3401801783931801,
                    -0.04302120128051882,
                    -0.10135293743064747,
                    -0.04447477935416707,
                    -0.043003731168622134,
                    -0.054735058525317896,
                    -0.06143314278416341,
                    1.1780759722170127,
                    0.034796000429519275,
                    0.04425923184160982,
                    0.3398195140824481,
                    0.14893499783605868,
                    -0.25449414563361195,
                    -0.09318993867290548
                ],
                [
                    0.11223810189035613,
                    0.43297857114104943,
                    0.828252778430038,
                    -0.35225184685508226,
                    0.43294264591707077,
                    0.028018675757927818,
                    0.001070353287277361,
                    -0.08362831940541213,
                    0.4795937130119913,
                    0.7652180646522324,
                    -0.20399328923447785,
                    0.4795956541873408,
                    0.05995205453480668,
                    0.15287120562071801,
                    0.034796000429519275,
                    0.996053293454341,
                    0.05654681187124528,
                    -0.4061965561437603,
                    1.0109166398886322,
                    -0.29164514864151025,
                    -0.2504059892243488
                ],
                [
                    -0.11450635976639527,
                    -0.11632239868770881,
                    -0.1985149964823172,
                    0.07040516610732493,
                    -0.11629317972679287,
                    -0.005756831074846833,
                    -0.004379645727253256,
                    -0.053264926775981915,
                    -0.11750715297079868,
                    -0.22690927225520496,
                    0.06092627308484872,
                    -0.11749709236582385,
                    -0.12053732011836343,
                    -0.11176548258741682,
                    0.04425923184160982,
                    0.05654681187124528,
                    0.2358864748098163,
                    0.12816081608970661,
                    0.06414939305742516,
                    0.18689025663981298,
                    0.20567098594983663
                ],
                [
                    -0.2229638691233581,
                    -0.22081111569708364,
                    -0.4479129481290616,
                    0.1766317287902716,
                    -0.22076317316633834,
                    -0.016924056563420786,
                    -0.025848546671658996,
                    -0.14689101101408913,
                    -0.30014791345248115,
                    -0.6006007533313432,
                    0.1302444892374035,
                    -0.3001300284813191,
                    -0.1458050077543334,
                    -0.17651777960445267,
                    0.3398195140824481,
                    -0.4061965561437603,
                    0.12816081608970661,
                    0.533264985501183,
                    -0.3795928488512878,
                    0.19925498998380645,
                    0.26954421948366003
                ],
                [
                    0.0811150861086089,
                    0.45615116155377783,
                    0.8656204421680683,
                    -0.37526108896393473,
                    0.4561168166447547,
                    0.029498916497785927,
                    -0.005920749088696998,
                    -0.11321403599527147,
                    0.4803655806597966,
                    0.7642009114417927,
                    -0.21042521126535188,
                    0.4803686781301264,
                    0.05574935759600729,
                    0.14910308591975754,
                    0.14893499783605865,
                    1.0109166398886322,
                    0.06414939305742513,
                    -0.37959284885128786,
                    1.0378134925994018,
                    -0.3181233416609097,
                    -0.2617537584636202
                ],
                [
                    -0.07906655032322468,
                    -0.3468980294343022,
                    -0.6373851848611441,
                    0.26660157376758614,
                    -0.34685777538604534,
                    -0.021334680454659728,
                    0.011039307819854495,
                    0.007807644754886793,
                    -0.31467058758956534,
                    -0.5679392915838294,
                    0.1523811312872472,
                    -0.31466027705764604,
                    -0.16285646407660803,
                    -0.19173754113652816,
                    -0.254494145633612,
                    -0.29164514864151037,
                    0.18689025663981287,
                    0.19925498998380645,
                    -0.3181233416609097,
                    0.40631641246714184,
                    0.35612316439354774
                ],
                [
                    -0.14220253756082735,
                    -0.3106052770829881,
                    -0.5704785197066196,
                    0.23369249182869953,
                    -0.310554472177764,
                    -0.019336334367897525,
                    -0.0002401583626320404,
                    -0.05722186594648999,
                    -0.30979889413120204,
                    -0.560903635954566,
                    0.15107523402466128,
                    -0.3097818681685754,
                    -0.17113805667201956,
                    -0.19419366577207398,
                    -0.09318993867290551,
                    -0.2504059892243488,
                    0.20567098594983665,
                    0.26954421948366003,
                    -0.2617537584636202,
                    0.35612316439354774,
                    0.35480012378418746
                ]
            ],
            [
                [
                    0.23811900382663628,
                    0.01608211641855044,
                    -0.003969353212213524,
                    -0.002580229814879493,
                    0.016076511293684745,
                    -0.008501862551851857,
                    -0.008859321026925352,
                    0.11253614396783196,
                    -0.001170748551791317,
                    0.0020975183391515493,
                    -0.000277936750532899,
                    -0.0011735016947703309,
                    0.001038649892319183,
                    -0.02222655809948739,
                    0.021455239689491,
                    0.0678846231546754,
                    -0.005810778430698364,
                    -0.057465676037762675,
                    0.0698657070685107,
                    -0.04227539760170593,
                    -0.05503204016246295
                ],
                [
                    0.01608211641855044,
                    0.008955968734794609,
                    0.024837313356033706,
                    -0.03181894659050643,
                    0.008954224241242781,
                    -0.005070699584739966,
                    -0.008132113622448372,
                    -0.006579157440554915,
                    0.0050300458466585605,
                    0.028615520355540335,
                    -0.019189431619577705,
                    0.005030502638867629,
                    0.013196394694338566,
                    -0.002426111904979446,
                    0.021074646615574875,
                    0.01908276928669084,
                    0.013139878914366488,
                    -0.010791641001415907,
                    0.020545747941315362,
                    -0.004420330568702866,
                    -0.005503076313760439
                ],
                [
                    -0.003969353212213524,
                    0.024837313356033706,
                    0.1834321165393611,
                    -0.13715184012880674,
                    0.024840976734404364,
                    -0.010158349062515459,
                    -0.02805134313524952,
                    -0.05075889046339012,
                    0.023250399646362673,
                    0.11441998389485693,
                    -0.11508808286658694,
                    0.02325301449079234,
                    0.016060456338786198,
                    -0.023574675085481295,
                    0.12655183618805257,
                    0.05458440672949931,
                    0.0832951600610727,
                    0.04897840073786591,
                    0.0616279198047314,
                    -0.06128119823137792,
                    0.030280265690036928
                ],
                [
                    -0.002580229814879493,
                    -0.03181894659050643,
                    -0.13715184012880674,
                    0.2699249214234499,
                    -0.03181749631581446,
                    0.036153526563482564,
                    0.051933990845675126,
                    0.06306540132074462,
                    -0.03151675162277197,
                    -0.17386022597542622,
                    0.1979429650593948,
                    -0.03151865145050923,
                    -0.07044381992167925,
                    0.009351083457241572,
                    -0.0003288600864617914,
                    -0.07051564315314668,
                    -0.0007150673059029201,
                    0.1170722579615604,
                    -0.07199158408856342,
                    -0.01937002404487301,
                    0.08931841394633194
                ],
                [
                    0.016076511293684745,
                    0.008954224241242781,
                    0.024840976734404364,
                    -0.03181749631581446,
                    0.008954480475958844,
                    -0.005069948866745303,
                    -0.00813152946585869,
                    -0.006582530730809476,
                    0.005029988808620177,
                    0.028615128247703858,
                    -0.019188799953475822,
                    0.005030445693543084,
                    0.013194352201996747,
                    -0.002426581544494789,
                    0.021077834231816906,
                    0.019081195544432966,
                    0.01314210736528717,
                    -0.01078605966297338,
                    0.020544296815803744,
                    -0.004422324787313707,
                    -0.005499276394672921
                ],
                [
                    -0.008501862551851857,
                    -0.005070699584739966,
                    -0.010158349062515459,
                    0.036153526563482564,
                    -0.005069948866745303,
                    0.008583885208082112,
                    0.009253601484252728,
                    0.007017475510302687,
                    -0.006164227683524113,
                    -0.03700246212620538,
                    0.02583168913288434,
                    -0.006164582277419388,
                    -0.025557185769345337,
                    -0.006669568710813908,
                    0.012176834067041252,
                    -0.018732060657493933,
                    0.0002526666961434897,
                    0.04865344528149354,
                    -0.01849256303243501,
                    -0.01689481313094346,
                    0.026016936682537576
                ],
                [
                    -0.008859321026925352,
                    -0.008132113622448372,
                    -0.02805134313524952,
                    0.051933990845675126,
                    -0.00813152946585869,
                    0.009253601484252728,
                    0.012366097931565453,
                    0.013863219749304767,
                    -0.008637585385968713,
                    -0.04629363661286262,
                    0.038795989092482046,
                    -0.008638289244093503,
                    -0.024451032826985707,
                    -0.0022578408405521783,
                    -0.006709139785216864,
                    -0.023553659410385317,
                    -0.007640517284024155,
                    0.032223170286114065,
                    -0.024366336620466597,
                    -0.007168348432328972,
                    0.019312444023752477
                ],
                [
                    0.11253614396783196,
                    -0.006579157440554915,
                    -0.05075889046339012,
                    0.06306540132074462,
                    -0.006582530730809476,
                    0.007017475510302687,
                    0.013863219749304767,
                    0.3919710826285464,
                    -0.009470050996741619,
                    -0.03973620940658225,
                    0.01563456433657358,
                    -0.009487213483245355,
                    -0.03870223874194358,
                    -0.005042984064396456,
                    -0.08478006380944608,
                    -0.011136712648160754,
                    -0.011645977884439785,
                    -0.1308069077257218,
                    -0.016100409494949005,
                    0.0009746717583998057,
                    -0.036958466788889976
                ],
                [
                    -0.001170748551791317,
                    0.0050300458466585605,
                    0.023250399646362673,
                    -0.03151675162277197,
                    0.005029988808620177,
                    -0.006164227683524113,
                    -0.008637585385968713,
                    -0.009470050996741619,
                    0.013260742453182036,
                    0.06532055691462234,
                    -0.024301300515951443,
                    0.013260661743984783,
                    0.043561949836394595,
                    0.016938313410870626,
                    0.023170333943611742,
                    0.027882545175099572,
                    0.03862934450656521,
                    -0.014132489839747046,
                    0.029511909891804324,
                    0.02424617000030437,
                    -0.0009085998238882256
                ],
                [
                    0.0020975183391515493,
                    0.028615520355540335,
                    0.11441998389485693,
                    -0.17386022597542622,
                    0.028615128247703858,
                    -0.03700246212620538,
                    -0.04629363661286262,
                    -0.03973620940658225,
                    0.06532055691462234,
                    0.4045419698397398,
                    -0.10567345728730372,
                    0.06532570707718621,
                    0.28183273747567744,
                    0.11065953271537622,
                    0.08899071952635916,
                    0.17251994183025443,
                    0.2199551582463828,
                    -0.2086579772305573,
                    0.17992818823223222,
                    0.17855683859770644,
                    -0.052240330424636196
                ],
                [
                    -0.000277936750532899,
                    -0.019189431619577705,
                    -0.11508808286658694,
                    0.1979429650593948,
                    -0.019188799953475822,
                    0.02583168913288434,
                    0.038795989092482046,
                    0.01563456433657358,
                    -0.024301300515951443,
                    -0.10567345728730372,
                    0.18062680278480642,
                    -0.02430112269948432,
                    -0.017854883103099066,
                    0.01992210718909007,
                    0.004988284564203392,
                    -0.03988557585060809,
                    0.013979150046449366,
                    0.059676435711481984,
                    -0.04052381597548394,
                    0.019230953576796158,
                    0.05782023957327886
                ],
                [
                    -0.0011735016947703309,
                    0.005030502638867629,
                    0.02325301449079234,
                    -0.03151865145050923,
                    0.005030445693543084,
                    -0.006164582277419388,
                    -0.008638289244093503,
                    -0.009487213483245355,
                    0.013260661743984783,
                    0.06532570707718621,
                    -0.02430112269948432,
                    0.013262582173834555,
                    0.04356658959401531,
                    0.016939698685628807,
                    0.02317713099902923,
                    0.027884993521430375,
                    0.038633154305961204,
                    -0.014127566474671236,
                    0.02951476830867198,
                    0.02424665364924114,
                    -0.0009065389439083518
                ],
                [
                    0.001038649892319183,
                    0.013196394694338566,
                    0.016060456338786198,
                    -0.07044381992167925,
                    0.013194352201996747,
                    -0.025557185769345337,
                    -0.024451032826985707,
                    -0.03870223874194358,
                    0.043561949836394595,
                    0.28183273747567744,
                    -0.017854883103099066,
                    0.04356658959401531,
                    0.24624819390415995,
                    0.11219514157869744,
                    0.016937437927954536,
                    0.12396160043141702,
                    0.1484518470235915,
                    -0.20336394967689572,
                    0.1268979160026382,
                    0.18802037080088044,
                    -0.05983712605090263
                ],
                [
                    -0.02222655809948739,
                    -0.002426111904979446,
                    -0.023574675085481295,
                    0.009351083457241572,
                    -0.002426581544494789,
                    -0.006669568710813908,
                    -0.0022578408405521783,
                    -0.005042984064396456,
                    0.016938313410870626,
                    0.11065953271537622,
                    0.01992210718909007,
                    0.016939698685628807,
                    0.11219514157869744,
                    0.06402263182750355,
                    -0.010648340810975451,
                    0.03955241789669514,
                    0.07063634988488578,
                    -0.079118690633526,
                    0.039527714373117334,
                    0.10588399636485661,
                    -0.01190504838017775
                ],
                [
                    0.021455239689491,
                    0.021074646615574875,
                    0.12655183618805257,
                    -0.0003288600864617914,
                    0.021077834231816906,
                    0.012176834067041252,
                    -0.006709139785216864,
                    -0.08478006380944608,
                    0.023170333943611742,
                    0.08899071952635916,
                    0.004988284564203392,
                    0.02317713099902923,
                    0.016937437927954536,
                    -0.010648340810975451,
                    0.32031616035816923,
                    0.07131432168012446,
                    0.192716130886719,
                    0.28118110017294945,
                    0.08905319423278164,
                    -0.09547959339314181,
                    0.16844143542114962
                ],
                [
                    0.0678846231546754,
                    0.01908276928669084,
                    0.05458440672949931,
                    -0.07051564315314668,
                    0.019081195544432966,
                    -0.018732060657493933,
                    -0.023553659410385317,
                    -0.011136712648160754,
                    0.027882545175099572,
                    0.17251994183025443,
                    -0.03988557585060809,
                    0.027884993521430375,
                    0.12396160043141702,
                    0.03955241789669514,
                    0.07131432168012446,
                    0.10918554986306434,
                    0.09964027486186562,
                    -0.1104608689930971,
                    0.11502632437154889,
                    0.0481820711658833,
                    -0.03693082995868796
                ],
                [
                    -0.005810778430698364,
                    0.013139878914366488,
                    0.0832951600610727,
                    -0.0007150673059029201,
                    0.01314210736528717,
                    0.0002526666961434897,
                    -0.007640517284024155,
                    -0.011645977884439785,
                    0.03862934450656521,
                    0.2199551582463828,
                    0.013979150046449366,
                    0.038633154305961204,
                    0.1484518470235915,
                    0.07063634988488578,
                    0.192716130886719,
                    0.09964027486186562,
                    0.24869963006996584,
                    0.07126806637396484,
                    0.11083171679111267,
                    0.0685364965382481,
                    0.09736982323289481
                ],
                [
                    -0.057465676037762675,
                    -0.010791641001415907,
                    0.04897840073786591,
                    0.1170722579615604,
                    -0.01078605966297338,
                    0.04865344528149354,
                    0.032223170286114065,
                    -0.1308069077257218,
                    -0.014132489839747046,
                    -0.2086579772305573,
                    0.059676435711481984,
                    -0.014127566474671236,
                    -0.20336394967689572,
                    -0.079118690633526,
                    0.28118110017294945,
                    -0.1104608689930971,
                    0.07126806637396484,
                    0.7782571296592858,
                    -0.09918815821097306,
                    -0.18785635793250685,
                    0.3247089439911502
                ],
                [
                    0.06986570706851071,
                    0.020545747941315362,
                    0.0616279198047314,
                    -0.07199158408856343,
                    0.020544296815803737,
                    -0.01849256303243501,
                    -0.024366336620466608,
                    -0.016100409494948995,
                    0.029511909891804335,
                    0.17992818823223225,
                    -0.04052381597548395,
                    0.029514768308671974,
                    0.1268979160026382,
                    0.03952771437311735,
                    0.08905319423278164,
                    0.11502632437154889,
                    0.1108317167911127,
                    -0.09918815821097306,
                    0.12193743820963927,
                    0.04356523723647329,
                    -0.029714288904024826
                ],
                [
                    -0.04227539760170593,
                    -0.004420330568702865,
                    -0.06128119823137793,
                    -0.01937002404487301,
                    -0.004422324787313708,
                    -0.01689481313094346,
                    -0.007168348432328972,
                    0.0009746717583998094,
                    0.024246170000304365,
                    0.17855683859770646,
                    0.01923095357679615,
                    0.024246653649241143,
                    0.18802037080088044,
                    0.10588399636485661,
                    -0.09547959339314183,
                    0.0481820711658833,
                    0.06853649653824812,
                    -0.18785635793250682,
                    0.04356523723647329,
                    0.21698819361551966,
                    -0.0616295122715176
                ],
                [
                    -0.05503204016246297,
                    -0.00550307631376044,
                    0.030280265690036934,
                    0.08931841394633194,
                    -0.00549927639467292,
                    0.026016936682537566,
                    0.019312444023752474,
                    -0.03695846678888998,
                    -0.0009085998238882227,
                    -0.05224033042463618,
                    0.05782023957327886,
                    -0.0009065389439083519,
                    -0.05983712605090261,
                    -0.011905048380177752,
                    0.16844143542114962,
                    -0.03693082995868796,
                    0.09736982323289482,
                    0.3247089439911503,
                    -0.029714288904024826,
                    -0.0616295122715176,
                    0.18413903674737103
                ]
            ]
        ],
        "weights": [
